((("Java" .
          [1 0 0 0])
  ("customers" .
               [1 0 0 0 0 0 0 0 0])
  ("part" .
          [0 0 0 1])
  ("services" .
              [1 0 0 0 0 0 0 0])
  ("airlines" .
              [2 0 0 0 0 0 0 0])
  ("partners" .
              [2 0 0 0 0 0 0 0])
  ("the" .
         [2 0 0])
  ("for" .
         [4 0 0])
  ("platform" .
              [2 0 0 0 0 0 0 0])
  ("Architecture" .
                  [0 0 0 0 0 0 1 0 0 0 0 0])
  ("development" .
                 [3 0 0 0 0 0 0 0 0 0 0])
  ("test" .
          [1 0 0 0])
  ("and" .
         [5 0 0])
  ("with" .
          [2 0 0 0])
  ("Engineering" .
                 [0 0 1 0 0 0 0 0 0 0 0])
  ("software" .
              [1 0 0 0 0 0 0 0])
  ("Development" .
                 [1 0 0 0 0 0 0 0 0 0 0])
  ("Software" .
              [1 0 0 0 0 0 0 0])
  ("com" .
         [1 0 0])
  ("Research" .
              [1 0 0 0 0 0 0 0])
  ("REST" .
          [1 0 0 0])
  ("Django/Django" .
                   [0 0 0 1 0 0 0 0 0 0 0 0 0])
  ("string" .
            [1 0 0 0 0 0])
  ("VVL" .
         [1 0 0])
  ("vvl" .
         [1 0 0])
  ("red" .
         [1 0 0])
  ("MVL" .
         [1 0 0])
  ("mvl" .
         [1 0 0])
  ("data" .
          [1 0 0 0])
  ("install" .
             [2 0 0 0 0 0 0])
  ("sudo" .
          [10 0 0 0])
  ("apt-get" .
             [1 0 0 1 0 0 0])
  ("output_" .
             [0 0 0 0 0 0 1])
  ("print" .
           [0 0 0 1 4])
  ("input" .
           [0 0 0 1 1])
  ("__name__" .
              [0 0 0 1 0 0 0 0])
  ("main" .
          [1 0 0 0])
  ("macpath" .
             [0 0 0 0 0 1 0])
  ("output" .
            [0 0 0 1 0 0])
  ("task_num" .
              [0 0 0 5 3 0 0 0])
  ("continue" .
              [0 0 0 0 0 4 0 0])
  ("cnt" .
         [8 0 0])
  ("return" .
            [0 0 0 1 0 0])
  ("input_1" .
             [4 0 0 0 0 0 0])
  ("output_1" .
              [1 0 0 0 0 0 0 0])
  ("TabError" .
              [0 0 1 0 0 0 1 0])
  ("break" .
           [0 0 0 2 1])
  ("rabbitmq" .
              [0 0 0 0 0 1 0 0])
  ("Go" .
        [1 0])
  ("se" .
        [2 0])
  ("b" .
       [1])
  ("g" .
       [2])
  ("if" .
        [1 0])
  ("import" .
            [0 0 1 0 0 0])
  ("i" .
       [2])
  ("fmt" .
         [0 0 1])
  ("Println" .
             [0 0 0 0 0 0 1])
  ("u" .
       [5])))
